0.0
29.0
52.0
74.0
117.0
149.0
183.0
213.0
235.0
284.0
315.0
367.0
397.0
418.0
413.0
304.0
220.0
129.0
83.0
26.0
-11.0
-53.0
-93.0
-132.0
-165.0
-210.0
-243.0
-281.0
-317.0
-349.0
-355.0
-353.0
-261.0
-173.0
-112.0
-36.0
43.0
58.0
-13.0
-54.0
-109.0
-135.0
-150.0
-74.0
12.0
76.0
162.0
234.0
399.0
349.0
266.0
180.0
101.0
77.0
-42.0
-90.0
-200.0
-226.0
-121.0
-39.0
11.0
60.0
77.0
61.0
7.0
-37.0
-93.0
-121.0
-122.0
-82.0
-38.0
23.0
41.0
28.0
-16.0
-54.0
-97.0
-117.0
-69.0
-37.0
24.0
59.0
82.0
119.0
85.0
34.0
7.0
-33.0
-55.0
-58.0
-31.0
-7.0
13.0
12.0
-18.0
-21.0
2.0
14.0
-9.0
-35.0
13.0
76.0
-7.0
-111.0
-218.0
-138.0
10.0
65.0
1.0
-103.0
-199.0
-299.0
-370.0
-307.0
-99.0
19.0
141.0
303.0
389.0
427.0
336.0
182.0
82.0
-133.0
-282.0
-416.0
-447.0
-359.0
-291.0
-260.0
-331.0
-365.0
-256.0
-165.0
-29.0
-114.0
-127.0
-14.0
111.0
245.0
291.0
239.0
212.0
321.0
380.0
419.0
316.0
110.0
-77.0
-225.0
-389.0
-445.0
-380.0
-284.0
-186.0
-113.0
-23.0
118.0
214.0
310.0
373.0
401.0
396.0
312.0
231.0
165.0
91.0
12.0
-43.0
-115.0
-165.0
-265.0
-293.0
-348.0
-349.0
-295.0
-146.0
-88.0
72.0
102.0
14.0
-61.0
-103.0
-144.0
-151.0
-81.0
-27.0
41.0
73.0
72.0
-17.0
-52.0
-96.0
-79.0
-18.0
32.0
66.0
86.0
58.0
22.0
7.0
-22.0
-48.0
-66.0
-70.0
-42.0
5.0
52.0
75.0
92.0
77.0
22.0
-10.0
-43.0
-51.0
3.0
56.0
29.0
-12.0
-49.0
-62.0
-10.0
43.0
54.0
14.0
-17.0
-38.0
-38.0
28.0
38.0
-33.0
-49.0
-72.0
-130.0
-85.0
24.0
86.0
204.0
236.0
313.0
253.0
150.0
59.0
-18.0
-112.0
-182.0
-175.0
-87.0
27.0
123.0
222.0
264.0
340.0
383.0
426.0
445.0
393.0
266.0
189.0
119.0
35.0
-65.0
-163.0
-246.0
-306.0
-357.0
-391.0
-430.0
-435.0
-435.0
-401.0
-316.0
-275.0
-164.0
-101.0
-27.0
5.0
385.0
349.0
284.0
229.0
137.0
94.0
35.0
-17.0
-60.0
-111.0
-166.0
-235.0
-293.0
-335.0
-366.0
-366.0
-338.0
-320.0
-245.0
-229.0
-198.0
-155.0
-96.0
-22.0
22.0
112.0
238.0
360.0
362.0
280.0
240.0
147.0
-34.0
-179.0
-310.0
-356.0
-217.0
-146.0
-34.0
141.0
272.0
258.0
64.0
-54.0
-141.0
-79.0
-7.0
104.0
204.0
257.0
257.0
148.0
39.0
-39.0
-111.0
-117.0
-11.0
44.0
-30.0
-55.0
2.0
21.0
36.0
3.0
-14.0
-24.0
25.0
50.0
55.0
-66.0
-121.0
-23.0
36.0
89.0
152.0
71.0
-24.0
-103.0
-117.0
8.0
148.0
271.0
86.0
-47.0
-204.0
-280.0
-99.0
9.0
178.0
261.0
255.0
85.0
14.0
-81.0
-153.0
-212.0
-260.0
-293.0
-291.0
-152.0
-110.0
-34.0
-8.0
65.0
76.0
110.0
165.0
227.0
285.0
324.0
351.0
397.0
382.0
306.0
205.0
199.0
207.0
168.0
103.0
53.0
-8.0
-74.0
-146.0
-243.0
-299.0
-231.0
-198.0
-177.0
-51.0
89.0
184.0
332.0
424.0
402.0
305.0
219.0
140.0
16.0
-61.0
-126.0
-222.0
-256.0
-236.0
-149.0
-122.0
-39.0
22.0
130.0
187.0
318.0
384.0
397.0
301.0
177.0
89.0
-21.0
-82.0
-201.0
-284.0
-339.0
-421.0
-418.0
-376.0
-282.0
-255.0
-148.0
-29.0
60.0
168.0
274.0
368.0
420.0
369.0
290.0
179.0
104.0
24.0
-50.0
-108.0
-183.0
-260.0
-325.0
-352.0
-277.0
-191.0
-102.0
-27.0
-8.0
68.0
117.0
97.0
64.0
9.0
-44.0
-74.0
-65.0
-25.0
14.0
39.0
52.0
21.0
-20.0
-34.0
-50.0
-13.0
29.0
41.0
-3.0
-31.0
-11.0
39.0
-22.0
-17.0
11.0
-19.0
50.0
23.0
-46.0
-22.0
27.0
-30.0
7.0
26.0
-55.0
-12.0
15.0
-29.0
-73.0
-8.0
14.0
-31.0
28.0
-85.0
-22.0
30.0
71.0
93.0
80.0
16.0
-50.0
-98.0
-80.0
-4.0
58.0
102.0
131.0
144.0
85.0
44.0
-2.0
-52.0
-97.0
-101.0
-42.0
2.0
48.0
124.0
148.0
168.0
85.0
-24.0
-99.0
-148.0
-115.0
-23.0
98.0
206.0
289.0
322.0
162.0
20.0
-149.0
-278.0
-289.0
-339.0
-243.0
-89.0
78.0
280.0
406.0
321.0
165.0
13.0
-116.0
-217.0
-288.0
-358.0
-415.0
-462.0
-468.0
-418.0
-385.0
-299.0
-213.0
-126.0
7.0
94.0
188.0
321.0
404.0
445.0
410.0
387.0
337.0
276.0
218.0
157.0
67.0
-21.0
-109.0
-148.0
-203.0
-236.0
-279.0
-345.0
-337.0
-308.0
-165.0
-62.0
19.0
154.0
246.0
243.0
183.0
103.0
7.0
-98.0
-166.0
-214.0
-161.0
-119.0
-31.0
69.0
130.0
176.0
159.0
65.0
10.0
-60.0
-126.0
-39.0
-4.0
65.0
60.0
13.0
-21.0
-32.0
22.0
35.0
7.0
-21.0
-19.0
15.0
-21.0
-15.0
9.0
3.0
1.0
2.0
2.0
2.0
2.0
2.0
3.0
