37
422 50 Jon 255 117 0
140 256 Jan 255 117 0
264 217 Julia 255 117 0
299 107 Jada 0 204 0
396 328 Jacob 0 0 255
339 139 Jordan 204 0 204
115 305 Jacqueline 0 0 255
432 127 Jennifer 204 0 0
219 386 James 0 204 0
171 356 Jill 255 117 0
104 87 Jackson 0 0 255
253 124 Julian 255 117 0
58 171 Jolene 255 255 0
86 214 Jared 0 204 0
175 240 Jose 204 0 204
311 52 Jonathan 204 0 0
166 157 Jason 204 0 0
339 212 Jeremiah 204 0 0
85 381 Jane 0 204 0
36 251 John 204 0 0
421 411 Jules 204 0 204
129 45 Justin  255 117 0
255 261 Jake 0 204 0
166 420 Jessica 204 0 0
114 134 Jade 0 204 0
377 267 Juan 204 0 204
220 310 Jesse 204 0 0
424 190 Jasmine 0 204 0
49 330 Jenny 255 117 0
330 366 Jeremy 204 0 0
190 95 Jenna 204 0 0
298 296 Jimmy 255 255 0
402 233 Jim 255 255 0
210 180 Jack 0 0 0
304 176 Jordan 204 0 204
54 111 Joshua 204 0 204
192 31 Joseph 204 0 204
